cpu  1163323 994503 2319236 729378566
disk 15707324 0 8816209 0
disk_rio 5553944 0 6232209 0
disk_wio 10153380 0 2584000 0
disk_rblk 44409670 0 49838916 0
disk_wblk 81224982 0 20672000 0
page 121564801 65783356
swap 1 299
intr 1952153329 733855628 177977 0 3 3 0 2 0 1 808238346 385545575 0 28422 1 15605048 8702323 0 0 0 0 0 0 0 0 0 0 0 0 0 0 0 0 0 0 0 0 0 0 0 0 0 0 0 0 0 0 0 0 0 0 0 0 0 0 0 0 0 0 0 0 0 0 0 0 0 0 0 0 0 0 0 0 0 0 0 0 0 0 0 0 0 0 0 0 0 0 0 0 0 0 0 0 0 0 0 0 0 0 0 0 0 0 0 0 0 0 0 0 0 0 0 0 0 0 0 0 0 0 0 0 0 0 0 0 0 0 0 0 0 0 0 0 0 0 0 0 0 0 0 0 0 0 0 0 0 0 0 0 0 0 0 0 0 0 0 0 0 0 0 0 0 0 0 0 0 0 0 0 0 0 0 0 0 0 0 0 0 0 0 0 0 0 0 0 0 0 0 0 0 0 0 0 0 0 0 0 0 0 0 0 0 0 0 0 0 0 0 0 0 0 0 0 0 0 0 0 0 0 0 0 0 0 0 0
ctxt 783936397
btime 1028116396
processes 529934
