□ 职业技能配置表

(1) 上上 90-100 (2) 上级 80-90 (3) 上等 70-80 (4) 上中 60-70
(5) 中上 50-60  (6) 中等 40-50 (7) 中下 30-40 (8) 下等 20-30
(9) 下下  0-20

    (只有魔教的dodge和move上上等级为120)
    (只有专属于本派的基本技能上上等级为120)

     阵 政 刀 医 匕 轻 内 法 行 招 毒 咒 刺 杖 棍 剑 箭 拳 读 鞭 暗 计
     法 治 法 术 首 功 功 术 动 架 术 术 术 法 法 术 术 法 书 法 器 谋
武者 9  9  9  6  9  6  1  9  6  6  9  9  9  9  9  9  9  1  8  9  9  9
剑士 1  9  9  6  9  3  6  9  3  1  9  9  9  9  9  1  9  9  7  9  9  9
刀客 9  9  1  6  9  5  2  9  5  2  9  9  9  9  9  9  9  9  7  9  9  9
医者 9  9  9  1  9  3  4  9  3  4  9  9  1  9  9  9  9  9  2  9  9  9
书生 9  9  9  5  9  4  3  9  4  4  9  9  1  9  9  9  9  9  1  9  9  1
道士 9  9  9  2  9  3  6  1  3  4  9  1  9  9  9  9  9  9  7  1  9  9
和尚 3  9  3  5  9  5  3  9  5  3  9  9  9  1  1  3  9  3  7  9  9  9
舞者 9  9  9  5  9  1  5  1  1  6  9  9  9  9  9  9  9  6  8  9  9  9
魔教 9  9  9  5  9  1  5  9  1  6  1  9  9  9  9  9  9  9  8  1  9  9
杀手 9  9  9  6  2  3  4  9  3  4  9  9  9  9  9  9  9  9  8  9  1  9
官员 9  1  9  6  1  4  4  9  4  4  9  9  9  9  9  9  9  9  2  9  9  9
盗贼 3  9  3  6  9  3  4  9  3  4  9  9  9  9  9  3  9  3  8  9  9  9
射手 9  9  9  6  9  4  3  9  4  4  9  9  9  9  9  9  1  9  7  9  9  9
圣火 4  9  9  6  9  4  3  9  3  4  9  9  9  9  1  9  9  3  4  9  9  9
丐帮 4  9  9  6  9  4  3  9  3  4  9  9  9  9  1  9  9  2  7  9  9  9
     阵 政 刀 医 匕 轻 内 法 行 招 毒 咒 刺 杖 棍 剑 箭 拳 读 鞭 暗 计
     法 治 法 术 首 功 功 术 动 架 术 术 术 法 法 术 术 法 书 法 器 谋

(1) 上上 90-100 (2) 上级 80-90 (3) 上等 70-80 (4) 上中 60-70
(5) 中上 50-60  (6) 中等 40-50 (7) 中下 30-40 (8) 下等 20-30
(9) 下下  0-20

ＰＳ．基本上进阶的技能等级能提升１０（以圣火．丐帮．和尚来讲）
      如：圣火门主 dodge 70 ，那长老就增加１０为
          圣火长老 dodge 80
